repo,user,permission
test-repo-2,shashank-kv,read
